name: HPOS_analysis
channels:
  - conda-forge
  - defaults
dependencies:
  - asttokens=2.0.5=pyhd8ed1ab_0
  - attrs=21.4.0=pyhd8ed1ab_0
  - backcall=0.2.0=pyh9f0ad1d_0
  - backports=1.0=py_2
  - backports.functools_lru_cache=1.6.4=pyhd8ed1ab_0
  - beautifulsoup4=4.11.1=pyha770c72_0
  - bleach=5.0.0=pyhd8ed1ab_0
  - ca-certificates=2021.10.8=h5b45459_0
  - colorama=0.4.4=pyh9f0ad1d_0
  - debugpy=1.5.1=py39h415ef7b_0
  - decorator=5.1.1=pyhd8ed1ab_0
  - defusedxml=0.7.1=pyhd8ed1ab_0
  - entrypoints=0.4=pyhd8ed1ab_0
  - et_xmlfile=1.0.1=py_1001
  - executing=0.8.3=pyhd8ed1ab_0
  - importlib-metadata=4.11.3=py39hcbf5309_1
  - importlib_resources=5.7.1=pyhd8ed1ab_0
  - ipykernel=6.9.2=py39h832f523_0
  - ipython=8.1.1=py39hcbf5309_0
  - jedi=0.18.1=py39hcbf5309_0
  - jinja2=3.1.1=pyhd8ed1ab_0
  - jsonschema=4.4.0=pyhd8ed1ab_0
  - jupyter_client=7.1.2=pyhd8ed1ab_0
  - jupyter_core=4.9.2=py39hcbf5309_0
  - jupyterlab_pygments=0.2.2=pyhd8ed1ab_0
  - libsodium=1.0.18=h8d14728_1
  - markupsafe=2.1.1=py39hb82d6ee_1
  - matplotlib-inline=0.1.3=pyhd8ed1ab_0
  - mistune=0.8.4=py39hb82d6ee_1005
  - nbclient=0.6.0=pyhd8ed1ab_0
  - nbconvert=6.5.0=pyhd8ed1ab_0
  - nbconvert-core=6.5.0=pyhd8ed1ab_0
  - nbconvert-pandoc=6.5.0=pyhd8ed1ab_0
  - nbformat=5.3.0=pyhd8ed1ab_0
  - nest-asyncio=1.5.4=pyhd8ed1ab_0
  - openpyxl=3.0.9=pyhd8ed1ab_0
  - openssl=1.1.1n=h8ffe710_0
  - packaging=21.3=pyhd8ed1ab_0
  - pandoc=2.18=h57928b3_0
  - pandocfilters=1.5.0=pyhd8ed1ab_0
  - parso=0.8.3=pyhd8ed1ab_0
  - pickleshare=0.7.5=py_1003
  - pip=22.0.4=pyhd8ed1ab_0
  - prompt-toolkit=3.0.27=pyha770c72_0
  - psutil=5.9.0=py39hb82d6ee_0
  - pure_eval=0.2.2=pyhd8ed1ab_0
  - pygments=2.11.2=pyhd8ed1ab_0
  - pyrsistent=0.18.1=py39hb82d6ee_1
  - python=3.9.7=h6244533_1
  - python-dateutil=2.8.2=pyhd8ed1ab_0
  - python-fastjsonschema=2.15.3=pyhd8ed1ab_0
  - python_abi=3.9=2_cp39
  - pywin32=303=py39hb82d6ee_0
  - pyzmq=22.3.0=py39he46f08e_1
  - setuptools=60.10.0=py39hcbf5309_0
  - six=1.16.0=pyh6c4a22f_0
  - soupsieve=2.3.1=pyhd8ed1ab_0
  - sqlite=3.37.1=h8ffe710_0
  - stack_data=0.2.0=pyhd8ed1ab_0
  - tinycss2=1.1.1=pyhd8ed1ab_0
  - tornado=6.1=py39hb82d6ee_2
  - traitlets=5.1.1=pyhd8ed1ab_0
  - tzdata=2022a=h191b570_0
  - ucrt=10.0.20348.0=h57928b3_0
  - vc=14.2=hb210afc_6
  - vs2015_runtime=14.29.30037=h902a5da_6
  - wcwidth=0.2.5=pyh9f0ad1d_2
  - webencodings=0.5.1=py_1
  - wheel=0.37.1=pyhd8ed1ab_0
  - zeromq=4.3.4=h0e60522_1
  - zipp=3.8.0=pyhd8ed1ab_0
  - pip:
    - certifi==2021.10.8
    - charset-normalizer==2.0.12
    - cycler==0.11.0
    - fonttools==4.31.2
    - greenlet==1.1.2
    - idna==3.3
    - joblib==1.1.0
    - json5==0.9.6
    - kiwisolver==1.4.0
    - matplotlib==3.5.1
    - numpy==1.21.5
    - pandas==1.3.4
    - pillow==9.0.1
    - pyparsing==3.0.7
    - pytz==2022.1
    - requests==2.27.1
    - scikit-learn==1.0.1
    - scipy==1.7.3
    - seaborn==0.11.2
    - sqlalchemy==1.4.27
    - threadpoolctl==3.1.0
    - urllib3==1.26.9
